1 01 0000000000000001 0000000000000001
2 10 0000000000000011 0000000000000011
3 11 0000000000000101 0000000000000101
4 00 0000000000000011 0000000000000011
5 01 0000000000000101 0000000000000101
6 10 0000000000000111 0000000000000111
7 11 0000000000001001 0000000000001001
8 00 0000000000000111 0000000000000111
9 01 0000000000001001 0000000000001001
10 10 0000000000001011 0000000000001011
11 11 0000000000001101 0000000000001101
12 00 0000000000001011 0000000000001011
13 01 0000000000001101 0000000000001101
14 10 0000000000001111 0000000000001111
15 11 0000000000010001 0000000000010001
16 00 0000000000001111 0000000000001111
17 01 0000000000010001 0000000000010001
18 10 0000000000010011 0000000000010011
19 11 0000000000010101 0000000000010101
20 00 0000000000010011 0000000000010011
21 01 0000000000010101 0000000000010101
22 10 0000000000010111 0000000000010111
23 11 0000000000011001 0000000000011001
24 00 0000000000010111 0000000000010111
25 01 0000000000011001 0000000000011001
26 10 0000000000011011 0000000000011011
27 11 0000000000011101 0000000000011101
28 00 0000000000011011 0000000000011011
29 01 0000000000011101 0000000000011101
30 10 0000000000011111 0000000000011111
31 11 0000000000100001 0000000000100001
32 00 0000000000011111 0000000000011111
33 01 0000000000100001 0000000000100001
34 10 0000000000100011 0000000000100011
35 11 0000000000100101 0000000000100101
36 00 0000000000100011 0000000000100011
37 01 0000000000100101 0000000000100101
38 10 0000000000100111 0000000000100111
39 11 0000000000101001 0000000000101001
40 00 0000000000100111 0000000000100111
41 01 0000000000101001 0000000000101001
42 10 0000000000101011 0000000000101011
43 11 0000000000101101 0000000000101101
44 00 0000000000101011 0000000000101011
45 01 0000000000101101 0000000000101101
46 10 0000000000101111 0000000000101111
47 11 0000000000110001 0000000000110001
48 00 0000000000101111 0000000000101111
49 01 0000000000110001 0000000000110001
50 10 0000000000110011 0000000000110011
51 11 0000000000110101 0000000000110101
52 00 0000000000110011 0000000000110011
53 01 0000000000110101 0000000000110101
54 10 0000000000110111 0000000000110111
55 11 0000000000111001 0000000000111001
56 00 0000000000110111 0000000000110111
57 01 0000000000111001 0000000000111001
58 10 0000000000111011 0000000000111011
59 11 0000000000111101 0000000000111101
60 00 0000000000111011 0000000000111011
61 01 0000000000111101 0000000000111101
62 10 0000000000111111 0000000000111111
63 11 0000000001000001 0000000001000001
64 00 0000000000111111 0000000000111111
65 01 0000000001000001 0000000001000001
66 10 0000000001000011 0000000001000011
67 11 0000000001000101 0000000001000101
68 00 0000000001000011 0000000001000011
69 01 0000000001000101 0000000001000101
70 10 0000000001000111 0000000001000111
71 11 0000000001001001 0000000001001001
72 00 0000000001000111 0000000001000111
73 01 0000000001001001 0000000001001001
74 10 0000000001001011 0000000001001011
75 11 0000000001001101 0000000001001101
76 00 0000000001001011 0000000001001011
77 01 0000000001001101 0000000001001101
78 10 0000000001001111 0000000001001111
79 11 0000000001010001 0000000001010001
80 00 0000000001001111 0000000001001111
81 01 0000000001010001 0000000001010001
82 10 0000000001010011 0000000001010011
83 11 0000000001010101 0000000001010101
84 00 0000000001010011 0000000001010011
85 01 0000000001010101 0000000001010101
86 10 0000000001010111 0000000001010111
87 11 0000000001011001 0000000001011001
88 00 0000000001010111 0000000001010111
89 01 0000000001011001 0000000001011001
90 10 0000000001011011 0000000001011011
91 11 0000000001011101 0000000001011101
92 00 0000000001011011 0000000001011011
93 01 0000000001011101 0000000001011101
94 10 0000000001011111 0000000001011111
95 11 0000000001100001 0000000001100001
96 00 0000000001011111 0000000001011111
97 01 0000000001100001 0000000001100001
98 10 0000000001100011 0000000001100011
99 11 0000000001100101 0000000001100101
100 00 0000000001100011 0000000001100011
101 01 0000000001100101 0000000001100101
102 10 0000000001100111 0000000001100111
103 11 0000000001101001 0000000001101001
104 00 0000000001100111 0000000001100111
105 01 0000000001101001 0000000001101001
106 10 0000000001101011 0000000001101011
107 11 0000000001101101 0000000001101101
108 00 0000000001101011 0000000001101011
109 01 0000000001101101 0000000001101101
110 10 0000000001101111 0000000001101111
111 11 0000000001110001 0000000001110001
112 00 0000000001101111 0000000001101111
113 01 0000000001110001 0000000001110001
114 10 0000000001110011 0000000001110011
115 11 0000000001110101 0000000001110101
116 00 0000000001110011 0000000001110011
117 01 0000000001110101 0000000001110101
118 10 0000000001110111 0000000001110111
119 11 0000000001111001 0000000001111001
120 00 0000000001110111 0000000001110111
121 01 0000000001111001 0000000001111001
122 10 0000000001111011 0000000001111011
123 11 0000000001111101 0000000001111101
124 00 0000000001111011 0000000001111011
125 01 0000000001111101 0000000001111101
126 10 0000000001111111 0000000001111111
127 11 0000000010000001 0000000010000001
128 00 0000000001111111 0000000001111111
